
C1 =

     1     0     0
     0     1     0
     0     0     1


q1 =

     0
     0
     0
     1


C2 =

    -1     0     0
     0     0     1
     0     1     0


q2 =

   NaN
   NaN
   NaN
     0


q2 =

    0.7071
    0.7071
         0
         0


C3 =

     0     1     0
    -1     0     0
     0     0     1


q3 =

         0
         0
    0.7071
    0.7071


C4 =

     0     0     1
     0     1     0
    -1     0     0


q4 =

         0
   -0.7071
         0
    0.7071


C5 =

     0     0     1
     1     0     0
     0     1     0


q5 =

   -0.5000
   -0.5000
   -0.5000
    0.5000


C6 =

     0     0    -1
     0     1     0
     1     0     0


q6 =

         0
    0.7071
         0
    0.7071


C7 =

     1     0     0
     0     0    -1
     0     1     0


q7 =

   -0.7071
         0
         0
    0.7071


C8 =

     0     1     0
     1     0     0
     0     0    -1


q8 =

   NaN
   NaN
   NaN
     0


q8 =

    0.7071
    0.7071
         0
         0


C9 =

     0     1     0
     0     0     1
     1     0     0


q9 =

    0.5000
    0.5000
    0.5000
    0.5000


C10 =

     0    -1     0
     1     0     0
     0     0     1


q10 =

         0
         0
   -0.7071
    0.7071


C11 =

     0     0     1
     0    -1     0
     1     0     0


q11 =

   NaN
   NaN
   NaN
     0


q11 =

    0.7071
    0.7071
         0
         0


C12 =

     1     0     0
     0     0     1
     0    -1     0


q12 =

    0.7071
         0
         0
    0.7071


C13 =

    -1     0     0
     0    -1     0
     0     0     1


q13 =

   NaN
   NaN
   NaN
     0


q13 =

     0
    -1
     0
     0


C14 =

     0     0    -1
    -1     0     0
     0     1     0


q14 =

   -0.5000
    0.5000
    0.5000
    0.5000


C15 =

     0    -1     0
     0     0    -1
     1     0     0


q15 =

   -0.5000
    0.5000
   -0.5000
    0.5000


C16 =

     0    -1     0
     0     0     1
    -1     0     0


q16 =

    0.5000
   -0.5000
   -0.5000
    0.5000


C17 =

     0     0    -1
     1     0     0
     0    -1     0


q17 =

    0.5000
    0.5000
   -0.5000
    0.5000


C18 =

    -1     0     0
     0     1     0
     0     0    -1


q18 =

   NaN
   NaN
   NaN
     0


q18 =

     0
    -1
     0
     0


C19 =

     0     0     1
    -1     0     0
     0    -1     0


q19 =

    0.5000
   -0.5000
    0.5000
    0.5000


C20 =

     1     0     0
     0    -1     0
     0     0    -1


q20 =

   NaN
   NaN
   NaN
     0


q20 =

    -1
     0
     0
     0


C21 =

     0     1     0
     0     0    -1
    -1     0     0


q21 =

   -0.5000
   -0.5000
    0.5000
    0.5000


C22 =

     0     0    -1
     0    -1     0
    -1     0     0


q22 =

   NaN
   NaN
   NaN
     0


q22 =

   -0.7071
    0.7071
         0
         0


C23 =

     0    -1     0
    -1     0     0
     0     0    -1


q23 =

   NaN
   NaN
   NaN
     0


q23 =

    0.7071
    0.7071
         0
         0


C24 =

    -1     0     0
     0     0    -1
     0    -1     0


q24 =

   NaN
   NaN
   NaN
     0


q24 =

    0.7071
    0.7071
         0
         0

Equilibrium point 1:
-------------------------
     1     0     0
     0     1     0
     0     0     1

     0     0     0     1

     0     0     1

                               2*pi*I2*wt2 - 2*pi*I3*wt2 - 6*pi*Ct21*Ct31*I2 + 6*pi*Ct21*Ct31*I3 + 2*pi*I2*wt2*wt3 - 2*pi*I3*wt2*wt3
 6*pi*Ct31*I1 - 6*pi*Ct31*I3 - 2*pi*I1*wt1 + 2*pi*I3*wt1 + 6*pi*Ct11*Ct31*I1 - 6*pi*Ct11*Ct31*I3 - 2*pi*I1*wt1*wt3 + 2*pi*I3*wt1*wt3
                             6*pi*Ct21*I2 - 6*pi*Ct21*I1 - 6*pi*Ct11*Ct21*I1 + 6*pi*Ct11*Ct21*I2 + 2*pi*I1*wt1*wt2 - 2*pi*I2*wt1*wt2
 
       qt2/2 + wt1/2 + (qt2*wt3)/2 - (qt3*wt2)/2 + (qt4*wt1)/2
       wt2/2 - qt1/2 - (qt1*wt3)/2 + (qt3*wt1)/2 + (qt4*wt2)/2
 qt4/2 + wt3/2 + (qt1*wt2)/2 - (qt2*wt1)/2 + (qt4*wt3)/2 + 1/2
             - qt3/2 - (qt1*wt1)/2 - (qt2*wt2)/2 - (qt3*wt3)/2
 
           - 2*qt2^2 - 2*qt3^2
 2*qt1*qt2 - 2*qt3 - 2*qt3*qt4
 2*qt2 + 2*qt1*qt2 + 2*qt1*qt3

 
      0
 -2*qt3
  2*qt2
 

Equilibrium point 2:
-------------------------
    -1     0     0
     0     0     1
     0     1     0

    0.7071    0.7071         0         0

     0     1     0

                               2*pi*I2*wt3 - 2*pi*I3*wt3 - 6*pi*Ct21*Ct31*I2 + 6*pi*Ct21*Ct31*I3 + 2*pi*I2*wt2*wt3 - 2*pi*I3*wt2*wt3
                             6*pi*Ct31*I3 - 6*pi*Ct31*I1 + 6*pi*Ct11*Ct31*I1 - 6*pi*Ct11*Ct31*I3 - 2*pi*I1*wt1*wt3 + 2*pi*I3*wt1*wt3
 6*pi*Ct21*I1 - 6*pi*Ct21*I2 + 2*pi*I1*wt1 - 2*pi*I2*wt1 - 6*pi*Ct11*Ct21*I1 + 6*pi*Ct11*Ct21*I2 + 2*pi*I1*wt1*wt2 - 2*pi*I2*wt1*wt2
 
                                 (2^(1/2)*wt3)/4 - qt3/2 + (qt2*wt3)/2 - (qt3*wt2)/2 + (qt4*wt1)/2
                                 qt4/2 - (2^(1/2)*wt3)/4 - (qt1*wt3)/2 + (qt3*wt1)/2 + (qt4*wt2)/2
   qt1/2 - (2^(1/2)*wt1)/4 + (2^(1/2)*wt2)/4 + (qt1*wt2)/2 - (qt2*wt1)/2 + (qt4*wt3)/2 + 2^(1/2)/4
 - qt2/2 - (2^(1/2)*wt1)/4 - (2^(1/2)*wt2)/4 - (qt1*wt1)/2 - (qt2*wt2)/2 - (qt3*wt3)/2 - 2^(1/2)/4
 
               - 2*qt2^2 - 2*2^(1/2)*qt2 - 2*qt3^2 + 1
 2^(1/2)*qt1 + 2^(1/2)*qt2 + 2*qt1*qt2 - 2*qt3*qt4 + 1
     2^(1/2)*qt1 + 2^(1/2)*qt3 + 2*qt1*qt2 + 2*qt1*qt3
 

            -2*2^(1/2)*qt2 + 1
 2^(1/2)*qt1 + 2^(1/2)*qt2 + 1
     2^(1/2)*qt1 + 2^(1/2)*qt3
 

Equilibrium point 3:
-------------------------
     0     1     0
    -1     0     0
     0     0     1

         0         0    0.7071    0.7071

     0     0     1

 6*pi*Ct31*I2 - 6*pi*Ct31*I3 + 2*pi*I2*wt2 - 2*pi*I3*wt2 - 6*pi*Ct21*Ct31*I2 + 6*pi*Ct21*Ct31*I3 + 2*pi*I2*wt2*wt3 - 2*pi*I3*wt2*wt3
                               2*pi*I3*wt1 - 2*pi*I1*wt1 + 6*pi*Ct11*Ct31*I1 - 6*pi*Ct11*Ct31*I3 - 2*pi*I1*wt1*wt3 + 2*pi*I3*wt1*wt3
                             6*pi*Ct11*I1 - 6*pi*Ct11*I2 - 6*pi*Ct11*Ct21*I1 + 6*pi*Ct11*Ct21*I2 + 2*pi*I1*wt1*wt2 - 2*pi*I2*wt1*wt2
 
 qt2/2 + (2^(1/2)*wt1)/4 - (2^(1/2)*wt2)/4 + (qt2*wt3)/2 - (qt3*wt2)/2 + (qt4*wt1)/2
 (2^(1/2)*wt1)/4 - qt1/2 + (2^(1/2)*wt2)/4 - (qt1*wt3)/2 + (qt3*wt1)/2 + (qt4*wt2)/2
       qt4/2 + (2^(1/2)*wt3)/4 + (qt1*wt2)/2 - (qt2*wt1)/2 + (qt4*wt3)/2 + 2^(1/2)/4
     - qt3/2 - (2^(1/2)*wt3)/4 - (qt1*wt1)/2 - (qt2*wt2)/2 - (qt3*wt3)/2 - 2^(1/2)/4
 
               - 2*qt2^2 - 2*qt3^2 - 2*2^(1/2)*qt3
 2*qt1*qt2 - 2^(1/2)*qt4 - 2^(1/2)*qt3 - 2*qt3*qt4
 2^(1/2)*qt1 + 2^(1/2)*qt2 + 2*qt1*qt2 + 2*qt1*qt3
 

             -2*2^(1/2)*qt3
 -2^(1/2)*qt4 - 2^(1/2)*qt3
  2^(1/2)*qt1 + 2^(1/2)*qt2
 

Equilibrium point 4:
-------------------------
     0     0     1
     0     1     0
    -1     0     0

         0   -0.7071         0    0.7071

    -1     0     0

                             6*pi*Ct21*I2 - 6*pi*Ct21*I3 - 6*pi*Ct21*Ct31*I2 + 6*pi*Ct21*Ct31*I3 + 2*pi*I2*wt2*wt3 - 2*pi*I3*wt2*wt3
 6*pi*Ct11*I3 - 6*pi*Ct11*I1 + 2*pi*I1*wt3 - 2*pi*I3*wt3 + 6*pi*Ct11*Ct31*I1 - 6*pi*Ct11*Ct31*I3 - 2*pi*I1*wt1*wt3 + 2*pi*I3*wt1*wt3
                               2*pi*I2*wt2 - 2*pi*I1*wt2 - 6*pi*Ct11*Ct21*I1 + 6*pi*Ct11*Ct21*I2 + 2*pi*I1*wt1*wt2 - 2*pi*I2*wt1*wt2
 
 (2^(1/2)*wt1)/4 - qt4/2 - (2^(1/2)*wt3)/4 + (qt2*wt3)/2 - (qt3*wt2)/2 + (qt4*wt1)/2 - 2^(1/2)/4
                               (2^(1/2)*wt2)/4 - qt3/2 - (qt1*wt3)/2 + (qt3*wt1)/2 + (qt4*wt2)/2
 qt2/2 + (2^(1/2)*wt1)/4 + (2^(1/2)*wt3)/4 + (qt1*wt2)/2 - (qt2*wt1)/2 + (qt4*wt3)/2 - 2^(1/2)/4
                               qt1/2 + (2^(1/2)*wt2)/4 - (qt1*wt1)/2 - (qt2*wt2)/2 - (qt3*wt3)/2
 
               - 2*qt2^2 + 2*2^(1/2)*qt2 - 2*qt3^2
 2*qt1*qt2 - 2^(1/2)*qt3 - 2^(1/2)*qt1 - 2*qt3*qt4
 2^(1/2)*qt2 - 2^(1/2)*qt1 + 2*qt1*qt2 + 2*qt1*qt3
 

              2*2^(1/2)*qt2
 -2^(1/2)*qt3 - 2^(1/2)*qt1
  2^(1/2)*qt2 - 2^(1/2)*qt1
 

Equilibrium point 5:
-------------------------
     0     0     1
     1     0     0
     0     1     0

   -0.5000   -0.5000   -0.5000    0.5000

     0     1     0

 6*pi*Ct31*I3 - 6*pi*Ct31*I2 + 2*pi*I2*wt3 - 2*pi*I3*wt3 - 6*pi*Ct21*Ct31*I2 + 6*pi*Ct21*Ct31*I3 + 2*pi*I2*wt2*wt3 - 2*pi*I3*wt2*wt3
